318382
475668
480386
489072
500144
501450
514067
529991
536068
537753
559200
561443
568668
569768
570330
570812
575639
576777
578785
580994
586336
588035
591371
592272
592675
594740
595046
595998
597671
598449
598856
601056
604034
604237
607575
610398
610419
615071
616041
616163
616446
619213
619813
620056
623865
624315
624610
625494
626653
627589
628611
629676
629686
629994
632256
632571
633086
633536
633546
634468
635283
635765
635993
636684
638448
638544
639393
639578
639784
640613
641431
642646
642649
643372
644037
644511
645632
645925
646558
646898
646994
647618
647621
649716
650307
650896
651766
651768
651775
652174
652551
652799
652803
654275
654279
654283
654887
655117
655402
655645
656894
656982
657320
657322
657406
657992
658202
658311
658600
658823
658939
659043
659284
660668
660894
660897
661762
661765
661900
662052
662057
662269
662905
663069
663078
663516
663793
664215
664646
664752
665238
665241
665242
665248
665254
665808
665921
666133
666755
666889
666890
667153
667314
667315
668127
668130
668331
668545
668547
668949
669041
669403
669405
669406
669408
669524
669529
669659
669754
669862
670061
671098
671100
671444
671445
671465
671736
671739
672076
672312
672314
672317
672436
672559
672561
672564
673018
673451
673455
673458
673463
673469
673582
673772
673777
673782
674068
674069
674257
674258
674260
674262
674266
674380
674390
674491
674493
674494
674495
674496
674608
674609
674704
674706
674707
674833
674834
674835
674836
674837
674840
674841
674842
674843
674928
674929
675045
675049
675050
675051
675225
675227
675228
675229
675368
675369
675371
675372
675696
675698
675700
675701
675702
675820
675823
675830
675832
675834
676077
676082
676089
676094
676097
676106
676108
676272
676274
676784
676786
676787
676791
676794
676795
676796
676797
676927
676929
676932
677103
677107
677115
677332
677608
677956
677958
677959
677960
677961
677963
677964
677970
677975
677979
677981
677982
677984
678143
678148
678151
678156
678159
678161
678163
678387
678388
678389
678395
678626
678628
678631
678633
678634
678807
678809
678811
678818
678822
679124
679128
679130
679131
679255
679264
679400
679401
679404
679413
679612
679613
679614
679615
679616
679617
679618
679619
679620
679627
679629
679630
679760
679761
679764
679765
679766
680031
680036
680038
680040
680041
680044
680178
680184
680318
680320
680462
680601
680602
680793
680794
680795
680797
680800
681096
681098
681100
681103
681270
681272
681279
681387
681390
681391
681393
681395
681398
681399
681568
681647
681648
681753
681754
681755
681990
681991
682155
682157
682159
682384
682385
682387
682388
682389
682390
682567
682570
682571
682576
682756
682759
682760
682763
682974
682977
683314
683316
683317
683451
683452
683456
683716
683727
683728
683732
683843
683844
683853
683859
683985
683992
683994
683995
683998
684235
684236
684237
684319
684455
684456
684595
684596
684597
684745
684746
684747
684748
684749
684751
684752
684754
684755
685000
685002
685003
685004
685005
685007
685008
685009
685010
685012
685013
685137
685138
685139
685285
685287
685290
685291
685293
685294
685409
685412
685491
685492
685493
685867
685870
685873
685875
685877
685879
685881
685883
685885
685886
685887
685892
686084
686085
686288
686289
686291
686293
686446
686448
686450
686454
686574
686575
686577
686578
686579
686580
686747
686749
686751
686754
686756
686761
686769
686857
686861
686863
686864
686867
687039
687040
687042
687043
687044
687047
687049
687224
687227
687229
687231
687234
687235
687394
687395
687396
687397
687398
687400
687590
687591
687592
687596
687597
687599
687711
687713
687714
687715
687716
687718
687860
687861
687862
687864
687867
688051
688054
688055
688205
688206
688207
688208
688209
688210
688211
688446
688447
688448
688452
688454
688456
688457
688458
688596
688597
688728
688729
688730
688826
688827
688829
689242
689247
689249
689251
689252
689254
689256
689258
689260
689261
689263
689265
689266
689268
689273
689274
689277
689279
689280
689381
689384
689390
689391
689576
689578
689579
689580
689583
689714
689717
689718
690012
690015
690017
690019
690023
690024
690141
690142
690146
690400
690402
690403
690409
690411
690416
690420
690656
690791
690793
691093
691094
691095
691097
691098
691100
691101
691103
691104
691269
691497
691829
691830
691831
691832
691833
692024
692027
692028
692029
692030
692033
692035
692176
692179
692183
692185
692375
692378
692379
692380
692381
692518
692522
692523
692635
692849
692851
692853
692855
692856
692857
692859
692861
692862
692863
692864
692867
692923
692924
692925
692926
692930
692931
693003
693101
693102
693176
693177
693179
693180
693472
693473
693476
693478
693480
693574
693575
693576
693577
693578
693727
693865
693866
693867
694101
694102
694103
694238
694239
694240
694243
694514
694515
694623
694625
694626
694627
694629
694782
694783
694784
694785
694789
694861
694868
694871
694957
694959
694960
695089
695091
695092
695093
695097
695098
695167
695168
695169
695170
695319
695320
695321
695323
695325
695326
695458
695459
695556
695557
695558
695560
695561
695684
695689
695690
695692
695807
695808
695809
695953
695954
695956
695958
695959
695964
695968
696074
696077
696206
696207
696214
696215
696217
696219
696413
696418
696419
696549
696550
696551
696552
696553
696694
696696
696697
696698
696699
696700
696701
696702
696805
696807
696808
696810
696812
696813
696815
696829
696931
697020
697137
697140
697141
697262
697263
697264
697338
697339
697341
697438
697440
697441
697568
697571
697945
697946
697947
697948
697949
698054
698055
698136
698137
698139
698335
698337
698338
698339
698490
698492
698499
698651
698653
698658
698794
698795
698797
698984
698986
699161
699163
699175
699177
699682
699683
699684
699685
699803
699804
699805
699807
699946
699952
699955
699957
700105
700109
700110
700112
700113
700115
700116
700384
700386
700387
700388
700389
700391
700395
700519
700521
700649
700651
700652
700653
700654
700833
700835
700836
700837
700838
700840
700965
701138
701139
701140
701141
701142
701147
701151
701254
701347
701348
701352
701625
701626
701627
701629
701630
701631
701632
701633
701634
701727
701729
701734
701735
701739
701917
701918
701920
701921
701923
701926
701931
701997
701999
702000
702118
702121
702222
702224
702225
702312
702314
702315
702316
702317
702474
702475
702476
702477
702551
702552
702553
702621
702622
702623
702786
702787
702789
702790
702889
702896
702897
702898
703103
703104
703105
703106
703109
703111
703113
703114
703117
703119
703120
703121
703122
703123
703125
703241
703243
703244
703245
703246
703324
703325
703326
703328
703329
703330
703461
703466
703467
703606
703607
703609
703767
703769
703771
703862
703866
703868
703869
703975
703977
703978
703979
703983
703984
703985
703987
704120
704248
704249
704466
704467
704468
704469
704470
704471
704586
704589
704697
704698
704699
704700
704701
704702
704703
704704
704711
704712
704714
704737
704834
704922
704924
705119
705120
705124
705125
705211
705212
705213
705214
705216
705361
705362
705363
705364
705366
705367
705370
705372
705373
705560
705565
705566
705568
705570
705571
705572
705574
705575
705577
705578
705579
705580
705581
705671
705672
705673
705815
705822
705823
705824
705913
705915
705917
705918
706021
706114
706116
706117
706397
706398
706399
706400
706401
706402
706473
706475
706476
706478
706479
706577
706580
706581
706582
706586
706588
706731
706734
706735
706841
706842
706844
706846
706848
706851
706852
707037
707038
707039
707040
707041
707043
707044
707045
707046
707047
707211
707212
707214
707215
707217
707218
707356
707357
707359
707360
707361
707362
707363
707364
707488
707489
707491
707493
707494
707496
707497
707499
707696
707698
707700
707703
707705
707838
707854
707857
707859
707997
708000
708137
708138
708140
708148
708149
708152
708154
708239
708240
708241
708242
708243
708245
708246
708359
708363
708365
708367
708522
708523
708524
708525
708527
708528
708529
708530
708531
708532
708533
708652
708654
708655
708656
708657
708659
708869
708870
708871
708873
708874
708875
708876
708883
708884
708886
708993
708995
708996
708997
709006
709007
709009
709010
709140
709141
709146
709149
709162
709341
709342
709363
709466
709468
709661
709662
709663
709664
709666
709669
709670
709742
709743
709745
709746
709839
709841
709842
709843
709844
709847
709851
709853
709984
709985
709986
709987
709988
709993
710082
710084
710085
710086
710087
710209
710210
710212
710213
710214
710278
710279
710281
710282
710283
710284
710285
710286
710356
710358
710362
710363
710474
710475
710476
710477
710478
710480
710481
710482
710483
710484
710485
710486
710487
710489
710490
710491
710626
710627
710628
710895
710896
710898
710899
710900
711047
711048
711049
711050
711051
711055
711059
711186
711187
711189
711323
711324
711325
711329
711330
711457
711458
711459
711461
711462
711463
711464
711581
711582
711583
711586
711587
711774
711775
711776
711777
711778
711779
711780
711781
711782
711856
711858
711945
711946
712057
712058
712059
712060
712065
712067
712068
712155
712297
712298
712299
712300
712301
712302
712304
712359
712363
712364
712369
712370
712371
712491
712493
712494
712496
712498
712499
712501
712658
712664
712665
712666
712801
712802
712803
713036
713043
713046
713047
713049
713050
713051
713052
713053
713054
713055
713059
713061
713062
713145
713146
713148
713150
713153
713154
713268
713269
713270
713271
713272
713274
713409
713420
713423
713424
713425
713426
713428
713563
713564
713565
713569
713570
713771
713772
713773
713774
713775
713776
713779
713782
713784
713785
713786
713787
713880
713881
713883
713884
